1283
1283
1283
1283
1283
1283
1283
952
1283
1283
1283
1283
1283
1283
1283
1283
1283
1283
1283
1283
1283
1283
1283
1283
1283
1283
1283
1
1283
1283
720
1283
1283
1283
465
1283
1283
1283
8
1283
1283
1283
1283
1283
1283
1283
1283
1283
1283
1283
1283
1283
1283
1283
1283
1283
1283
1283
1283
1283
1283
1283
1283
1283
1257
1283
1283
1283
1283
1283
1244
78
1283
1283
1283
1283
1283
1283
1283
1283
1283
1283
1283
1283
1283
1283
1283
1283
1283
695
1283
1283
1283
1283
1283
1283
1283
1283
1283
1283
1283
1283
1283
1283
1283
1283
1283
1283
1283
1283
1283
1283
1283
1283
1283
901
1283
1283
1283
1283
1283
341
1283
1283
1283
1283
1283
1283
1283
1283
1283
1283
1283
1283
1283
1283
1283
1283
1283
1283
1283
1283
1283
1283
1283
1283
1283
1283
401
477
1283
1283
1283
1283
1283
1283
1283
1283
1283
1283
351
1283
1283
1283
1283
1283
1283
1283
1283
1283
1283
1283
1283
1283
1283
1283
1283
1283
1283
1283
1045
1283
1283
1283
1
1283
1283
1283
1283
1283
1283
1283
1283
1283
1283
1283
1283
1283
1283
407
1283
1283
1283
1283
1283
1283
1283
1283
1283
1283
1283
1283
1283
1283
1283
1283
672
5
1283
1283
1283
1283
1283
1283
1283
1283
1283
1283
1283
1283
1283
1283
1283
1283
1283
1283
1283
1283
1283
1283
1283
1283
1283
1283
1
1283
1283
1283
1283
1283
1283
1283
1283
1283
1283
1283
1283
1283
1283
1283
1283
1283
1283
1283
1283
1283
1283
1283
1283
1283
910
1283
1283
1283
1283
1283
1283
1283
1283
1283
1283
1283
1283
1283
1283
1283
1283
1283
1283
1283
1283
1283
1283
1283
1283
1283
685
315
764
1283
1283
1283
1283
1283
1283
1283
1283
1283
1283
1283
1283
1283
1283
5
1283
8
1283
1283
1283
1283
1283
649
1283
1283
1283
1283
1283
1283
1283
1283
1283
1283
1283
1283
1283
1283
1283
1283
1283
5
1283
1283
1283
1283
1283
50
1283
1283
1283
1283
1283
233
1283
1283
1283
1283
97
1283
1283
5
1283
1283
1283
1283
1283
1283
1283
453
1283
1283
1166
1283
1283
1283
1283
1283
1283
1283
1283
1283
663
1283
1283
1283
1283
1283
1283
1283
1283
84
1283
1283
1283
1283
1283
1283
1283
1283
1283
1283
1283
1283
1283
1283
1283
1283
144
1283
1283
1283
1283
931
1283
1283
1283
1283
1283
32
1283
1283
1283
1283
1283
1283
1283
1283
1283
529
1219
1283
1283
1283
1283
1283
1283
1283
1283
1283
1283
1283
1283
1283
1283
1283
1283
1283
1283
1283
1283
1283
1283
1283
1283
1283
1283
756
1283
1283
1283
1283
1283
1283
1283
1283
1283
1283
1283
1283
1015
1283
1283
1
1283
1283
1283
1283
1283
187
1283
1283
1283
1283
1283
1283
1283
1283
1283
1283
1283
1283
1283
1283
1283
1283
1283
1283
1283
1283
1283
1283
92
1283
5
1283
1283
1283
1283
1283
1283
1283
1283
1283
1283
1283
1283
1283
1283
1283
1283
1283
1283
501
1283
1283
1283
1283
1283
1283
1283
1283
1283
1283
1283
1283
1283
1134
1283
1283
1283
1283
1283
1283
1283
1283
1283
1283
1283
1283
1
397
1283
1283
1283
1283
1283
4
1283
1283
1283
1283
1283
1283
1283
1283
1283
1213
1283
1283
1283
1283
1283
1283
1283
1283
1283
1283
1283
1283
1283
1283
1283
1283
1283
1283
1283
1283
878
1283
1283
1283
1283
1283
1283
701
1283
1283
1283
1283
1283
1283
1283
1283
1283
1283
1283
1283
1283
1283
1283
1283
1283
1283
1283
1283
1266
1283
1283
1283
1153
1283
910
1283
1283
1283
1283
1283
1283
1283
1283
343
1283
1283
1283
698
1283
1283
1283
1283
1283
481
1283
1283
1283
1283
1045
1283
598
636
1283
1283
1283
1283
1283
1283
666
1283
1283
1283
1283
1283
1283
1283
1283
1283
1283
1283
1283
1283
1283
1283
1283
1283
1283
1283
1283
1087
910
1283
1283
1283
1283
1283
1283
1283
1283
1283
1283
1283
1283
1283
1283
1283
1283
1283
1283
1283
1283
1283
1283
1283
1283
1283
1283
1283
1283
1283
1283
1283
1283
1283
1283
1283
1283
1283
1283
666
1283
1283
1283
1
1283
1283
567
1283
1283
1283
1283
1283
1283
435
1283
1283
1283
1283
1283
1283
1283
1037
1283
1283
1283
1283
1283
1283
1283
1283
1283
1283
1283
1283
1283
1283
1283
144
1283
1283
1283
1283
85
1283
1283
1283
1283
1283
1283
1283
1283
1283
1283
1283
1283
1283
1283
1283
1283
1283
549
1283
1283
1283
1283
1283
133
1283
1283
1283
1283
1283
1283
1283
1283
1283
1283
1283
1283
1283
1283
1283
1283
1283
1283
1283
1283
1283
1283
1283
1283
315
1283
5
1283
1283
1283
790
1283
1283
1283
1283
1283
1283
1283
1283
1283
1283
854
1283
1283
1283
1257
1
1283
1283
1283
1283
1283
1283
1283
1283
1283
1283
1283
1171
1283
1283
1283
1283
1283
1283
1283
1283
1283
1283
1283
640
1283
1283
1283
1283
1283
1283
1283
47
1283
1283
1283
1283
32
1283
594
1283
1283
1283
1283
1283
1283
1283
465
1283
463
1283
1283
1283
1283
1283
1283
1283
1283
1283
1283
1283
1283
1283
1
1283
1283
1283
1
1283
1283
361
1283
1283
1283
1283
1053
656
1283
1283
1283
1283
1283
662
1283
1283
1283
1283
1283
1283
1283
1283
1283
1283
1283
1283
591
1283
1283
1283
310
1283
1283
1283
1283
368
1283
1283
133
1283
1283
1283
1283
1283
1283
1283
1283
1283
1283
5
1283
1283
1283
1283
1283
1283
1283
1283
1283
1283
1283
1283
1283
1283
298
1283
1283
1283
1283
1283
1283
1283
1283
1283
1283
1283
1283
1283
1283
1283
1
351
1283
545
32
941
1283
1283
1283
1283
1283
1283
1283
1283
1283
1134
1283
1283
1283
1283
1283
1283
1283
1283
1283
1283
1283
1283
1283
634
1283
1283
1283
1283
1283
1283
1283
1283
1283
1283
1283
1283
1283
1283
1283
1283
1283
1283
1283
1283
1283
1283
1283
1283
1283
1283
1283
1283
1283
1283
1283
1283
1283
1283
1283
1283
1283
1283
1283
1283
1283
1283
1283
1283
1283
1283
1283
1283
401
1283
1283
1283
1283
1283
1283
1283
1283
1283
1283
1283
1283
1
1283
1283
580
1283
1283
1283
1283
1283
1283
1283
1283
1283
1283
1283
1283
1283
1283
1283
1283
1283
1283
1283
1283
1283
1283
1283
1283
1283
1283
871
1283
1283
1283
1283
1283
1283
1283
1283
1283
1283
1283
1283
1283
1283
1283
1283
1283
1283
1283
1283
1283
1283
1283
1283
1283
1283
1283
1283
1283
1283
1283
1283
1283
869
1283
1283
1283
1283
981
1283
1283
1
1283
1283
871
46
1283
1283
1283
1283
1283
1283
1283
1283
1283
1283
1283
1283
1283
1283
1283
1283
1283
1283
1283
1283
1283
1283
1283
1283
1283
1283
1283
1283
1283
1283
1283
1283
1283
1283
1283
1037
1283
1283
1283
1283
1283
1283
5
1283
1283
1283
1283
1283
1283
1283
1283
1283
1283
1283
1283
1283
1283
1283
1157
1283
1283
1283
1283
1283
1283
1283
1283
1283
1283
1283
1283
1283
1283
1283
1283
1283
1283
1283
1283
50
1283
1283
1283
1283
1283
1283
1283
1283
1283
1283
1283
1283
1283
1283
1283
1283
277
1283
1283
1283
1283
1283
1283
1283
1283
1
1283
1283
1283
1283
1283
1283
1283
1283
1283
1283
535
1283
1283
1283
1283
1283
1283
1283
1178
1283
1283
1283
1283
1283
1283
1283
1283
723
1283
1283
1283
1283
1283
1283
1283
1283
339
1283
156
1283
423
1283
1283
1283
1283
1283
1283
1283
1283
1283
1283
326
1283
1283
1283
1283
1283
1283
1283
1283
5
1283
1283
1283
1283
1283
1283
1283
1283
1283
1283
1283
1283
1283
1283
1283
1283
889
1283
1283
1283
1283
1283
1283
1283
1283
1283
1283
1283
1283
317
1283
1283
1283
1283
1283
1283
1283
1283
1283
1283
1283
1283
1283
1283
1283
1283
1283
1283
1283
1283
826
1283
1283
1283
1283
1283
1283
1283
1283
1283
1283
1283
1283
1283
1283
1283
1283
1283
1283
1283
1283
1283
1283
1283
1283
1283
1283
1283
1283
1283
1283
399
257
1283
1283
1283
1283
1283
1283
1283
1283
1283
1283
1283
1283
1283
1283
1283
1283
1283
5
1283
1283
1283
1283
1283
504
1194
1283
1283
1283
1
1283
1283
1283
1283
1283
1283
1283
1283
1283
886
829
1283
1283
889
1283
1283
1283
1283
1283
1283
1283
1283
1283
1283
1283
1283
1283
1283
1283
1283
642
1283
1283
1283
1283
1283
1283
887
1283
1283
1283
1283
1283
1283
1283
1283
1283
1283
1283
1283
1283
1283
1283
1283
1283
549
759
1283
1283
1283
1283
1283
1283
1283
1283
1283
1283
1283
1283
1283
1283
1283
1283
1283
1283
1283
1283
1283
1283
1283
1283
1283
1
1283
1283
1283
1283
1283
1283
1283
1283
1283
1283
1283
1283
1283
1283
1283
1283
1283
1283
1283
1283
1283
1283
1283
27
1283
1283
1166
1283
1283
1283
1283
1283
1283
1283
1283
1283
1283
1283
1283
1283
1283
1283
1283
802
1283
1283
1283
1283
1283
1283
1283
150
1283
1283
1283
1283
281
1283
1283
1283
1283
1283
1283
1283
1283
1218
1283
1283
1283
1283
1283
1283
931
1283
1283
1283
1283
1283
1283
1283
1283
1201
1283
1283
1283
1283
1283
1283
1283
1283
1283
1283
1283
1283
1283
1283
1283
1283
1283
1283
1283
1283
1283
1283
1283
1283
1283
1283
1283
1283
1283
1283
1283
1283
1283
1283
1283
567
1283
1283
1283
1
1
1283
1283
991
1283
1283
1283
1283
1283
291
1283
1283
1283
1283
1283
1283
1283
1283
1283
1283
1283
1283
1283
1283
1283
1283
1283
1283
1283
1283
1283
1283
1283
1283
1283
1283
435
1178
1283
1283
1283
1283
1283
1283
1283
1283
1283
1283
1283
441
1283
1283
1283
1283
950
1283
1283
1283
1283
1283
1283
1283
1283
1283
1283
1283
1283
1283
1283
1283
1283
1283
1283
1283
305
1283
1283
1283
1283
1283
1283
1283
1283
384
1283
1283
1283
1283
1283
1283
1283
1283
1283
1283
1283
1283
1283
1283
1283
1283
163
1283
1198
1283
1283
1283
1283
671
1283
68
5
1283
1283
1283
1283
1283
1283
1283
1283
1283
931
1283
36
1283
1283
306
1283
1283
1283
1283
1283
1283
384
1283
1283
1283
1283
1283
1283
1283
1283
1283
1283
1283
1283
1283
1283
1283
1283
1283
1283
1283
1283
585
1283
1283
1283
1283
1283
1283
1283
1283
1283
1283
732
1283
1283
1283
1283
1283
1152
1283
1283
1283
1283
187
1283
1283
1283
1283
1283
1283
1283
1283
1283
1283
1283
1283
461
1283
1283
1283
1283
1283
1283
1283
1283
1283
1283
1102
1283
1283
947
1283
1283
245
1283
1283
1283
1283
31
1283
1283
474
1283
1283
1283
1283
1283
1283
1283
1283
1283
1283
1283
1283
1283
1283
1283
1283
1283
1283
1283
1283
1283
1283
1283
1283
1283
1283
1283
1283
1283
1283
1283
1283
1283
1283
1283
1283
1283
1283
1283
1283
1283
1283
589
1283
1283
1283
1283
1283
1283
1283
1283
1283
1283
1283
1283
1283
1283
1283
1283
1283
1283
1283
1283
1283
1283
1283
1283
1283
1283
1283
1283
1283
1283
1283
1283
1283
1283
1283
1283
1283
1283
1283
1283
1283
1283
1283
1283
1283
1283
1283
1283
1283
1283
1283
1283
1283
1283
1283
1283
1283
1283
1283
1283
1283
1283
1283
1283
1283
1283
1283
1283
1283
1283
1283
1283
1283
1283
17
1283
1283
1283
1283
1283
1283
1283
1283
1283
1283
1283
1283
941
1283
1283
1283
1283
1283
1283
1283
1283
1283
1283
1283
1283
1283
1283
1283
1283
1283
1283
1283
1283
1283
1
1283
10
1283
1283
1283
1283
1283
1283
1283
1283
1283
1283
1283
1283
1283
1283
1283
1283
1283
1283
1283
1283
1283
1283
1283
1283
1283
1283
1283
1283
1283
1283
1283
1283
1283
358
1283
1283
1283
1283
1283
1283
1283
1261
1283
1283
1283
1283
192
1283
1283
1283
1051
1283
1283
1283
1283
1283
1283
1283
1283
348
1283
1283
1283
1283
1283
1283
1283
1283
1283
1283
1283
1283
1283
1283
1283
1283
1283
1283
1283
1283
1283
1283
1283
1283
1283
32
1283
1283
1283
1283
1283
1283
1283
1283
281
1283
1283
1283
1283
1283
1283
1283
1283
1283
1283
1283
1
1283
1283
295
1283
1283
1283
1283
1283
1283
1004
1283
1283
1283
1283
1283
1283
295
461
159
1283
1283
1283
556
1283
1283
1283
1283
1283
1283
1283
1283
1283
1283
1283
1283
1283
1283
1283
1283
1283
1283
401
1283
1283
1283
1283
1283
1283
1283
1283
1283
1283
1283
1283
1283
1283
672
1283
1283
1283
1283
1283
924
1283
1283
1283
1283
1283
1283
1283
1283
1283
1283
1283
1283
1283
1283
1283
5
1283
1283
1283
1283
612
1283
1057
1283
1283
1283
1283
1283
1283
1283
1283
1283
1283
1283
1283
1283
1283
1283
538
1283
1283
1283
1283
1283
1283
1283
1283
1283
1283
1283
1283
1283
1283
1283
1283
1283
1283
1283
1283
1283
1283
1283
1283
1283
1283
1283
1283
1283
1283
1283
1283
1283
1283
1283
1283
1283
1283
1283
1283
1283
1283
1283
1283
1283
1283
1283
1283
1283
1283
1283
1283
589
1283
1283
1283
1283
1283
1283
1283
1283
1283
1283
1283
1283
1283
1283
1283
1283
1283
1283
84
1283
401
1283
1283
1283
1283
1283
1283
1283
1283
1283
1283
1283
1283
1283
1283
1283
1283
1283
1283
1283
1283
1283
1283
1283
1283
1283
1283
1283
1283
1283
1283
1283
1283
1283
1283
1283
1283
1283
1283
1283
1
1283
1283
1283
1283
1283
1283
1283
668
1283
1283
194
1283
322
1283
1283
1283
1283
1283
1283
1283
1283
1283
1283
1283
1283
1283
1283
1283
1283
1283
1283
86
1283
1283
1283
1283
566
1283
1283
1283
1283
1283
1283
1283
1283
1283
1283
1283
1283
1283
1283
1283
1283
1283
1283
1283
1283
1283
1283
1270
1283
1283
1283
1283
1283
1283
1283
1283
1283
1283
1283
1283
1283
1283
1283
1283
1283
1283
1283
1283
1283
1283
1283
1
1283
1283
1283
1283
1283
1283
1283
1283
1283
1283
1283
1283
1283
1283
191
1283
1283
1283
1283
1283
1013
1283
1283
1283
1283
1283
1283
1283
1283
27
1283
952
1283
1283
663
1283
1283
1283
1283
1283
932
1283
1283
757
502
1283
1143
1283
1060
5
1283
1283
1283
596
1283
1283
1283
1283
1283
1283
292
1283
1283
386
1283
1283
1283
192
1283
1283
1283
1283
1283
1283
1283
1283
1283
1283
1283
1283
1283
1283
1283
1283
390
1283
1283
1283
1283
1283
1283
1283
1283
1283
1283
1283
1096
1283
1283
1283
1283
1283
1283
1283
1283
1283
1283
1283
1283
1283
1283
1283
1283
1283
1283
1283
1283
50
1283
1283
1283
1283
1283
1283
1283
1283
1283
1283
1283
1283
1283
1283
1283
1283
1283
1283
1283
965
1283
1283
1283
1283
652
1283
1283
1283
1283
1283
1283
1283
1283
1283
1283
1283
1283
1089
1283
1283
1283
1283
1283
1283
1283
1283
1283
1283
1283
51
1283
1283
1283
1283
1283
1283
1283
1283
1283
1283
1283
1283
1283
1283
1283
1283
1283
1283
1283
1283
1283
1283
342
1283
1
1283
1283
1283
1283
1283
1283
1283
1283
532
1283
1283
1283
1283
1283
1283
1283
1283
1283
1283
1283
1283
1283
1283
1283
1283
1283
1283
1283
1283
1283
1283
1283
1283
1283
1283
494
1283
1283
1283
1283
1283
1283
1283
1283
1283
1283
1178
1283
1283
1283
1283
1283
1283
1283
1283
1283
1283
1283
1283
1283
1283
1283
1283
1283
1283
1
1283
1283
1283
583
1283
1283
1283
1283
977
1283
1283
1283
1283
1283
1283
1283
1283
1283
78
1283
1283
1283
277
1283
1283
782
1283
1283
1283
1283
1283
1283
1283
1283
1283
1283
1283
1283
1283
1283
1283
1283
1283
1213
1283
1283
1283
1283
981
304
1283
1283
1283
1283
1283
1283
941
1283
1283
1283
1283
1283
1283
1283
1283
1283
1283
1283
1283
1283
1283
1283
1283
1283
1283
1283
1283
1283
1283
1283
1283
1283
1283
1283
1283
1283
1283
1283
1283
1283
1283
1283
1283
1283
1283
1283
1283
1283
1283
1283
1283
1283
1283
1283
1283
1283
1283
1283
1283
1283
44
1283
1283
1283
1283
1283
1097
1283
1283
1283
1283
1283
50
1283
1283
1283
1283
1283
1283
1283
1283
1283
1283
1283
1283
1283
1283
1283
1283
1283
1283
1283
343
1283
1283
1283
1283
1283
1283
1283
1283
1283
1283
1283
1283
1283
1283
1283
1283
1283
1283
1283
1283
1283
1283
1283
1283
1283
1283
1283
1283
1283
1283
1
878
1283
481
36
1283
1283
1283
1283
1283
1283
1283
1283
1283
1283
1283
1283
1283
1283
1283
1283
1283
1283
1283
1283
1283
1283
1283
1283
1283
1283
1283
1283
1283
502
1283
1283
1283
1283
1283
1283
1283
1283
1283
85
1283
1283
1283
1283
1263
1283
1283
1283
1283
1283
1225
1283
1283
1283
1283
194
1283
1283
1283
1283
1283
1283
1283
1283
1283
1283
1283
1283
1283
1283
1283
1283
1283
1283
1283
33
1283
68
1283
1283
1283
1283
1283
1283
1283
1283
1283
1283
460
5
1283
1283
1283
1283
1283
1283
1283
1283
1283
44
1283
1283
1283
1283
1283
1283
1283
1283
1283
1283
1283
1283
465
1283
1283
1283
1283
1283
1283
1283
1283
1283
1283
365
1283
1283
1283
1283
1283
1283
1283
1283
1283
1283
1283
1283
1283
1283
5
1283
1283
1283
1283
1283
1283
1283
1283
1283
1283
1283
1283
1283
1283
1283
1283
1283
1283
1283
1283
1283
1283
1283
1283
1283
1283
1283
1283
1283
1
1283
1283
1283
1283
1283
1283
1283
1283
1283
1283
1283
1283
1283
1283
1283
1283
1283
1283
1283
1283
1
1283
1283
1283
1283
1283
1283
1283
1283
1283
1283
284
1283
1283
1283
1283
901
1283
1283
1283
1283
1283
1096
1283
1283
1283
1283
1283
1283
1283
1283
1283
1283
5
1283
1283
1283
1283
1283
1283
1283
1283
227
1283
941
1283
1283
1283
1283
1283
1283
1283
429
1283
1283
1283
1283
1283
1283
1283
1283
1283
1283
1283
1283
1283
1283
1283
1283
1283
213
1283
1283
1283
1283
1283
1283
1283
1283
1283
1283
147
1283
1283
1283
1283
1283
1283
1283
1283
1283
1283
1283
1283
140
1283
1283
1283
1283
1283
1283
1283
1283
1283
1283
1283
1283
1283
1283
1283
970
1283
1283
1283
1082
1
1283
1283
1283
1283
1283
1283
1283
1283
1283
1283
281
1283
1283
1283
1283
1283
1283
1283
1283
1283
1283
1283
1283
1283
1283
1283
1283
1283
1283
1283
243
1283
384
5
1283
1283
1283
1283
1283
1283
1283
1283
1283
1283
1283
1283
1283
1283
1283
1283
1283
878
1283
1283
1283
1283
397
1283
1283
1283
1283
1283
1283
1283
1283
1283
1283
461
1283
1283
1283
1283
1283
1
1283
1283
1283
1283
1283
1283
1283
1283
1283
1283
1283
1283
1283
1283
1283
1028
1283
1221
1283
1283
1283
1283
1283
5
1283
1283
1283
1283
1283
1283
1283
1283
1283
1283
1283
1283
1283
1283
1283
1283
1283
1283
1283
4
1283
1283
1283
995
1283
1283
1283
1283
1283
1283
1283
1283
1283
1283
1283
1283
1283
1283
1283
1283
1283
1283
1283
1283
1283
1283
910
1283
1283
1283
1283
1283
1283
1283
1283
1283
1283
1283
1283
1283
1283
1283
1283
1283
1283
1283
1283
1283
1283
1283
1283
1283
668
1283
1283
1283
1283
1283
1283
1283
675
1283
1283
1283
1283
1283
57
1283
1283
1283
1225
1283
1283
1283
1283
1283
1283
1283
1283
1283
1283
1283
360
1283
1283
1283
1283
1283
1283
1283
1283
1283
1283
1283
5
1283
1283
1283
1283
1283
1283
1283
1283
1283
1283
1283
1283
1283
1283
1283
1283
5
1283
1283
1283
1283
1283
1283
1283
1283
1283
1283
1283
1283
1283
5
351
1283
1283
1283
1283
1283
1283
1283
1283
1283
1283
1283
1283
1283
1283
1283
1283
1283
1283
1283
1283
1283
1283
1283
1283
1283
1283
1283
1283
1283
1283
1283
1283
1283
1283
1283
1283
1283
1283
1283
1283
1283
1283
1283
1283
1283
970
1283
1283
1283
1283
1283
1283
1283
1283
1283
1283
1283
1283
1283
1283
1283
1283
1283
1283
1283
212
1283
1283
1283
1283
1283
1283
1283
1283
1283
1283
1283
1283
1283
1283
1283
1283
1283
1283
1283
1283
1283
1283
1283
1227
1283
1283
1283
1283
1283
1283
1283
1283
549
1283
150
1283
1283
1283
1283
1283
1283
1153
1283
1283
1283
1283
1283
1283
1283
1283
1283
1283
1283
1283
1283
1283
1283
1283
1283
1283
68
1283
1283
1283
1283
71
1283
1283
1283
1283
1283
1283
1283
1283
1283
1283
1283
1283
1283
1283
1283
1283
1283
1283
1283
1283
1283
1283
1283
995
1283
1283
1283
1283
1283
1283
1283
1283
1283
1283
1283
1283
1283
1283
604
1283
1283
1283
1283
54
1283
1283
1283
1283
1283
1283
1283
1283
1283
1283
1283
1283
1283
1283
1283
1283
1283
802
1283
1283
1283
1283
896
1283
1283
1283
1283
1283
1283
1283
1283
1283
1283
1283
1283
1283
1283
1283
1283
1283
1283
44
1283
1283
1283
1283
1283
1283
1213
1283
1283
1283
369
1283
1283
1283
1283
1283
505
1283
1283
1283
931
1283
1283
1283
1283
1283
971
1283
1283
1283
1283
1283
1283
1283
1283
1283
1283
1283
1283
1283
1283
1283
1283
1283
1283
1283
1283
1283
1283
1283
1283
1283
1283
1283
1283
1283
50
1283
1283
1283
1283
1283
1283
1283
1283
1283
1283
1283
1283
1283
1283
1283
1283
1283
1283
1283
654
1283
1283
1283
1283
1283
1283
1283
1283
1283
1283
1283
1013
1283
1283
1283
1283
1283
1283
1283
1283
1283
1283
1283
1283
1283
1283
1283
1283
1283
1283
1283
1283
1283
1283
1283
1283
1283
1283
1283
1283
1283
1283
1283
1283
1283
1283
1283
1283
1283
1283
1283
1283
1283
1283
1283
1283
1283
1283
1283
1283
1283
1283
1283
1283
1283
1283
1283
1283
1283
1283
1283
1283
1283
1283
1283
1283
1283
1283
1283
1283
1283
1283
1283
1283
1283
1283
1283
1283
1283
1283
1283
1283
1283
1283
1283
1283
1283
1283
1283
984
1283
1283
1283
1283
1283
1283
1283
1283
1283
1283
1283
1283
1283
1283
1283
1283
1283
1283
188
1283
1283
1283
1283
1283
1283
1283
1283
1283
433
1283
1283
1283
1283
1283
1283
1283
5
1283
1283
1283
1283
1283
1283
1283
1283
1283
1283
1283
1283
1283
1283
1283
1283
1124
1283
1283
1283
1283
1283
1283
1283
1283
1283
1283
1283
1283
1283
1283
1283
1283
1283
1283
1283
1283
1283
1283
1283
1283
1283
1283
1283
1283
1283
1283
1283
1283
1283
1283
1283
1283
1263
1283
1283
1283
1283
1283
675
1283
1283
1283
1283
1283
1283
1283
1283
1283
1283
1283
1283
1283
1283
1283
1283
1283
1283
1283
1283
1283
1283
212
1283
1283
1283
1
1283
1283
299
1283
1283
1283
1283
1283
950
1283
1283
1283
1283
1283
5
1283
1283
1283
1283
1283
1283
1283
1283
1283
1283
1283
1283
1283
1283
1283
1283
1283
1283
1283
1283
1283
1283
619
1283
1283
1283
1283
1283
1283
1283
494
1283
1283
1283
1283
1283
1283
1283
1283
1283
1283
1283
1283
1283
1283
1283
1087
1283
1283
1283
1283
1283
1283
1283
1283
1283
1283
1283
1283
1283
1283
1283
1225
1283
1283
1283
1283
1283
1283
1283
1283
1283
1283
1283
1283
1283
1283
1283
1283
1283
1283
1283
1283
1283
1283
1283
1283
1283
1283
1283
1283
1283
1283
1283
1283
611
1283
1283
1283
1283
1283
1283
1283
1283
1283
1283
1283
1283
1283
1283
1283
1283
1283
1283
1283
913
1283
1283
1283
82
1283
1283
1283
1283
1283
1283
1283
1283
1283
1283
1283
698
1283
1283
1283
1283
1283
1283
1283
1283
1283
1283
1283
1283
1283
1283
1283
1283
1283
1283
1283
1283
1283
1283
1283
1283
1283
1283
1283
1283
1283
1283
295
1283
1283
1283
1283
1283
1283
1283
1283
1283
1283
1283
1283
619
1283
1283
1283
1283
1283
1283
1283
1283
1283
1283
1283
1283
1283
1283
1283
1283
1283
1283
1283
1283
1283
1283
1283
1283
1283
1283
1283
1283
1283
1283
1283
1283
1283
1283
1283
1283
1283
1283
1283
1283
304
1283
1283
1283
1283
1283
1283
1283
1283
1283
1283
1283
1283
1283
1283
1283
1283
1283
1283
1283
1283
1283
1283
1283
1283
1283
1283
1283
1283
1283
1283
1283
1283
1283
1283
1283
1283
1283
1283
1283
1283
1283
316
1283
1283
1283
1283
1283
1283
1283
1283
5
1283
1283
1283
1283
1283
1283
1283
1283
1283
1283
1283
5
1283
1283
1283
532
1283
1283
1283
1283
1283
1283
1283
1283
1283
1283
1283
1283
1283
1283
1283
1283
1283
1283
1283
1283
1283
1283
1283
1283
1283
1283
1283
1283
1283
1283
1283
1283
1283
1283
306
1283
619
1283
1283
1283
1283
1283
1283
1283
1283
1283
1283
1283
1283
1283
1283
1283
1283
1283
1283
596
1283
1283
1283
1283
1283
1283
1283
1283
1283
1283
1283
1283
1283
1283
1178
1283
1283
1283
1283
1283
1283
1283
372
1283
1283
1283
1283
1283
1283
1283
1283
1283
1283
1283
1283
1283
1283
1283
1283
1283
368
1283
1283
1283
1283
1283
1283
1283
1283
1283
1283
1283
970
854
1283
1283
1283
1283
1283
1283
1283
1283
1283
1283
1283
1283
1283
1283
1283
1283
1283
1283
1283
1283
1283
1283
1283
1283
1036
1283
1283
1283
1283
1178
1283
1283
1283
1283
1283
1283
1043
1283
1283
1283
570
1283
1283
1283
1283
1283
1283
1283
1283
1283
1283
1283
1283
1283
1283
1283
1283
1
1283
1283
1283
1283
1283
1283
1283
1283
1283
1283
1213
1283
1283
1283
1283
1283
1283
1283
1283
1283
1283
1283
1283
1089
1283
1283
1283
1283
212
1283
1283
1283
1283
1283
1283
1283
1283
1283
649
1283
1283
1283
1283
991
1283
1283
1283
1283
1283
1283
1283
761
1283
1283
1283
1283
1283
1283
1283
1283
1283
1283
1283
1283
1283
1283
1283
1283
1283
1283
698
1283
1283
1283
1283
1283
1283
1283
1283
1283
1283
1283
1283
1283
901
1283
1283
351
1283
1283
1283
1283
1283
1283
1283
1283
1283
1283
1283
1283
1283
995
1283
1283
1283
1283
1283
913
1283
1283
1283
1
1283
32
1283
276
1283
1283
1283
1168
1283
1283
1283
1283
1283
1283
369
1283
1283
1283
1283
1283
1283
1283
1283
1283
1283
1283
1283
1041
1266
167
1283
1283
1283
1283
1283
1283
1283
1283
1283
1283
1283
1283
1283
1283
282
1283
941
1283
1051
1283
1283
1283
140
1283
1283
1283
1283
1283
1283
1283
1283
1283
1283
1283
1283
36
1283
1283
1283
1283
1283
1283
1283
984
1283
1283
1283
1283
1283
1283
1283
1283
1283
1283
1283
1283
104
1283
1283
1283
1283
1283
1283
1283
1283
1283
1283
1283
1283
1283
1283
1283
1283
1283
1283
1283
1283
1283
1283
1283
1283
1283
1283
322
1283
1283
1283
1283
1283
1283
1283
1283
1283
1283
1283
913
1283
1283
1283
1283
1283
1283
1283
1283
4
1283
1283
1283
1283
1283
1283
1283
1283
1283
1283
1283
1283
1283
1
1283
1283
1283
1283
1283
1283
1283
1283
1037
1283
1283
1283
1283
1
279
1283
1283
1283
1283
192
1283
1283
1283
1283
1283
1283
1283
1283
1283
1283
1283
1283
1283
1283
1283
1283
1283
1283
1283
1283
1283
5
1283
1283
1283
1167
5
1098
1283
1283
995
1283
1283
1283
1283
1283
1283
1283
1283
619
1283
1283
1283
1283
1283
1283
1283
1283
1283
1283
1283
122
1283
1283
5
1283
1
1283
1283
1283
1283
1283
1283
1283
1283
1283
1283
1283
1
1283
1283
212
1283
995
1283
1283
1283
1283
1283
1283
1283
886
1283
5
1283
1283
1283
1283
1283
1283
1098
1283
1283
1283
593
1283
578
1283
1283
1283
1283
1283
1283
1283
1283
1283
1283
1283
1283
1283
723
1283
1283
1283
8
1283
1283
1283
1283
1283
1283
1283
1283
1283
1283
1283
1283
1283
1283
1283
1283
1283
1283
1283
1283
1283
1283
1283
1283
1283
1283
1283
1283
1283
1283
1283
1283
1
1283
1283
1283
1283
1283
1283
1283
1283
1283
1283
1283
1283
1283
1283
1283
1283
1283
1
1283
1283
1283
1283
1283
1283
1283
1283
1283
1283
281
1283
1283
1283
1283
1283
1283
1283
1283
1283
1283
1283
1283
1283
1283
1283
1283
277
1283
1283
1283
1283
1283
1283
1283
1283
1283
1283
1283
1283
1283
1283
1283
1283
1283
1283
1198
1283
322
1283
1283
1283
642
1283
1283
1283
779
1283
1283
1283
1283
1283
1283
1283
1283
1283
311
1283
1283
1283
1283
1283
1283
1283
1283
1283
1283
1283
1283
1283
1283
1283
1283
1283
1283
1283
1283
1283
1283
1283
1283
1283
1283
1283
1283
1283
1283
1283
1283
1283
1283
1283
1283
1283
1283
1283
1283
1283
83
1283
5
1283
1283
1283
1283
1283
1283
1283
1283
1283
1283
1283
1283
1283
1283
44
1283
1283
1283
1283
1283
1283
1283
1283
1283
1283
529
1247
1139
1283
1283
1283
1283
1283
1283
1283
1283
1283
1283
1283
1283
1283
1283
1283
1283
227
1283
1283
1283
1283
1283
1283
1283
1283
1283
78
1283
1283
1283
1283
1283
1283
1283
1283
1283
1283
1283
1283
1283
1283
1283
1283
1283
1283
642
1283
1283
1283
1283
1283
1283
1283
1283
1283
1283
1283
1283
1283
1283
1283
1283
1283
5
1283
1283
1283
1283
1283
1283
1283
1283
1283
1283
1283
1283
1283
1283
1283
1283
1283
1283
1283
36
1112
1283
1283
1283
1283
305
1283
1171
1283
1283
1283
1283
1283
1283
1198
1283
1283
1283
1283
1283
1283
1283
1283
1283
1283
471
1283
1283
1134
1283
1283
1283
1283
1283
1283
1283
1283
1283
1283
1283
1283
1283
1283
1283
1283
1283
1283
1283
1283
1283
1283
1283
1283
1283
1283
1283
1283
1283
910
566
1283
1283
1283
1283
1121
1283
1283
1283
1283
1283
1283
1283
1283
1283
1283
1283
1283
1283
1283
1
1283
1283
1283
1283
1283
1283
1283
1283
1283
1283
1283
1283
1
1283
1283
1283
1283
1283
1283
1283
1283
1283
1283
1283
1283
1283
1283
1283
1283
1283
1283
1283
1283
1283
1283
1283
1283
1283
1283
1283
1283
1283
1283
1283
1283
1283
1283
1283
1283
1283
1283
1283
1283
1283
1283
1283
1283
1283
1283
1283
5
1283
1283
1283
1283
1283
1283
474
1283
1283
1283
1283
1283
1283
1283
1283
1283
1283
1283
1283
1283
1283
1283
1283
1283
1283
1283
1203
1283
1283
1283
1283
5
1283
1283
1283
1283
1283
1283
1283
1283
1283
1283
567
1283
1283
1283
1283
155
1283
710
1283
1283
1283
1283
1283
1283
1283
1283
1283
1283
1283
1283
1283
1283
253
1283
1283
1283
1283
1283
1283
1283
1283
1283
1283
1283
1283
1
1283
1283
1283
1283
1283
1283
1283
1283
1283
1283
1283
1283
704
1283
1283
1283
1283
1283
1283
1283
1283
1283
1283
1283
1283
1283
1283
1283
1283
1283
1283
1283
1283
1283
1283
1283
1283
1283
1283
984
1283
1283
1283
1283
1283
1283
1283
1283
1283
1283
1283
1283
1
1112
1283
1283
1283
1199
1283
1283
1283
1283
1283
1283
1283
1283
1283
1283
459
1283
1283
1283
96
1283
1283
1283
1224
1283
1283
1283
1283
1283
1283
1283
1283
311
1283
1283
1283
1283
1283
1283
1283
1283
1283
1283
1283
1283
1283
1283
1283
1283
1283
1283
1283
1283
1283
237
1283
1283
1283
1283
1283
1283
1283
1283
1283
1283
1283
1283
1283
1283
649
566
1283
1283
1283
1283
1283
1283
1283
1283
1
1283
1283
1130
1283
1283
1283
1283
5
1283
1283
1283
1283
1283
1283
1283
1283
1283
1283
1283
1283
1283
1283
1283
1283
1283
1283
1283
1283
1
1283
1283
1283
1283
1283
1283
1283
1283
1283
1283
1283
1283
1283
1283
1283
1283
1283
1011
1283
1283
1283
1283
1283
1283
1283
1283
1283
1283
1283
1283
1283
1283
1283
1283
1283
1283
1283
1283
1283
1283
1283
1283
1283
1283
1283
1283
1283
1283
1283
365
1283
1283
1283
1283
1283
1283
1283
1283
379
1283
1283
1283
1283
1283
1283
1283
961
1110
1283
440
1283
1283
1283
1283
1283
1283
1283
1283
1283
1283
1283
1283
732
1283
1283
1283
1283
481
1283
1283
1283
1283
1283
1283
1283
92
1283
1283
1283
1283
1283
1283
1283
1283
1283
1283
1283
1283
1283
447
1283
566
1283
1283
1283
1283
1283
1283
1283
1283
1283
1283
1283
1283
155
1283
1283
1283
1283
1283
1283
1213
1283
1283
1283
1283
1283
1283
1283
1283
1283
1283
1283
1283
463
1283
1283
1283
1283
1283
1283
1283
1283
1283
1283
1283
1283
1283
339
1283
1283
1283
1283
1283
1283
1283
1283
1283
1283
1283
1283
1283
1283
1283
1283
1283
1283
1283
1283
1283
1283
732
1283
1283
1283
1283
5
1203
1283
1283
1283
440
1283
1283
1283
1283
1283
1283
1283
1283
1283
1283
1283
1283
1283
1283
1283
1283
1283
1283
1283
1283
1283
1
1283
1283
1283
1283
1283
1283
1283
1283
1283
1283
1283
1283
1283
1283
1283
1283
1283
1283
1283
1283
1283
1283
769
1283
1283
1283
1283
1283
1283
1283
1283
1283
1283
1283
1283
1283
1283
5
1283
1283
1283
1283
1
1283
1283
1283
1283
1283
687
1283
1283
889
1283
1153
1283
1283
1283
1283
1283
1283
1283
5
1283
1283
1283
1283
1283
1283
1283
1283
1283
1283
1283
1283
1283
1283
1283
1283
1283
1283
1283
1283
1283
1283
5
1283
1283
1283
1283
1283
1283
1283
1283
1283
1283
1039
1283
1283
1283
156
1283
1283
1283
1283
1283
1283
1283
1283
1283
1283
5
1283
1283
1283
1283
1283
1283
1283
1283
5
1283
1283
1283
1283
1283
902
1283
1283
1283
1283
1283
1283
1283
1283
1283
1283
1283
1283
72
1283
1283
1283
1283
1283
1283
1283
1283
1283
1283
1283
1283
1283
642
1283
1283
1283
1283
1283
1283
1283
1283
1283
1001
1283
369
1283
1283
1283
1283
1283
1283
1283
213
1283
1283
1283
1283
1283
1283
1283
1283
1283
1283
1283
1283
1283
1283
1283
1283
1283
1283
1273
1283
1283
1283
1283
1283
1283
1283
1252
1283
1283
1283
1283
1283
1283
1283
1283
1
1283
1283
1283
1283
1283
1283
1283
1283
1283
1283
1283
1283
1283
1283
1283
1283
1283
1053
1283
1283
1283
1283
1283
1283
1283
1283
1283
1283
233
1283
1283
1283
1283
1283
1283
1283
1283
1283
1283
1283
1283
1283
1283
1283
1283
1283
1283
1283
1283
50
1283
1283
1283
1112
1283
1283
1283
1283
1283
1283
1283
1
1283
1283
1283
1283
1283
1283
1283
1283
1283
1283
1283
1283
1283
1283
1283
1
1283
1283
1283
401
1283
1283
1283
1283
1283
1122
5
1283
1283
1283
1283
1283
1283
1283
1283
1283
1283
968
1283
1283
1283
1283
1283
1283
1283
1283
1283
761
1283
1283
1283
1283
1283
1283
1283
1283
1153
1283
1272
1283
1283
585
1283
1283
1283
1283
1
1283
1283
532
1283
1283
1283
5
1283
1283
1283
1283
1283
1283
1283
1283
1283
1283
1283
1283
1283
1283
1283
1283
1283
1283
1283
1283
719
1283
1283
1033
1283
1283
1283
1283
1283
1283
1283
1283
568
561
1283
1283
1283
1283
1283
1283
1283
1283
1283
1283
1283
1283
1283
1283
1283
417
1283
1283
1283
1283
1283
1283
1283
1283
1283
1283
1283
1283
1283
1283
1283
1283
1283
1283
1283
1283
1283
1283
1283
1283
1283
1283
1283
1283
1283
1283
1283
1051
1283
995
568
1283
1283
1283
667
1283
1283
1283
5
1283
1283
1283
1262
1283
172
1283
1283
1283
1283
1283
1283
1283
1283
1283
386
1283
1283
1283
1283
1283
1283
1283
1283
1283
1283
1283
1283
1283
1283
1283
1283
1283
1283
1283
1283
1283
1283
910
822
1283
1283
1283
1283
1283
1283
1283
1283
1283
1283
1283
1283
1283
1283
1283
1283
1283
1283
1283
1283
1283
1283
1283
1153
1283
1283
1283
1283
1283
1283
1283
1283
1283
1283
1283
1283
1283
1283
1283
1283
1283
1283
1283
901
1283
1283
1283
1283
1112
1283
47
1283
1283
1283
1283
1283
1283
1283
1283
1283
1283
1283
1283
1283
1283
1283
1283
1283
1283
1283
1283
1283
1283
1283
1283
1283
1283
1283
1283
1283
5
450
1283
1283
1283
1283
1
1283
1283
1283
1283
8
1283
1283
1283
1283
1283
1283
1283
1283
1283
1283
1283
1283
650
1283
1283
1283
1283
1283
1283
1283
1283
1283
1283
1283
1283
1283
1283
1283
1283
1283
1283
1283
1283
1283
1283
1283
1283
1283
1283
1283
1283
1283
1283
1283
1283
1105
1283
1283
1283
1283
1283
1283
1283
619
1283
1283
1283
1283
1283
1283
5
1283
1283
1283
1283
1283
1283
1283
1283
1283
1283
1283
1283
1283
1283
596
1283
1283
1283
1283
1283
1283
1283
82
1283
1283
1283
1283
1283
1283
1283
1283
399
1283
1283
1283
1283
1283
1283
1283
1242
1283
1283
1283
1283
1283
1283
1283
1283
1283
1283
1283
1283
1283
1283
1283
1283
1283
1283
1283
1283
1283
1283
1283
1283
1283
1283
1283
1283
1283
1283
1283
1283
1283
1283
1283
1283
1283
1283
1283
1283
1283
1283
1283
1283
1283
1283
1283
1283
1283
1283
1283
1283
1283
1283
1283
1283
1283
1051
1283
1283
1283
1283
1283
1283
1283
1283
1283
1283
1283
1283
1283
1283
666
273
1283
1283
1283
1283
1283
1283
311
1283
1283
1283
1283
1283
1262
1283
1283
1283
1283
1283
1283
1283
1283
1283
1283
154
1283
1283
1283
1283
1283
1283
1283
1283
1283
1283
1283
1283
1283
1283
1283
1283
1283
1283
1283
1283
1283
1283
447
1283
1283
440
1283
1283
1283
1283
1283
1283
1283
1283
1283
1283
1283
1283
1028
1283
1283
1283
368
1283
1283
1283
1283
77
1283
1283
1283
749
1283
1283
1283
1283
1283
1283
1283
1283
1283
1283
1283
1283
1283
1283
1283
1283
390
1283
1283
1283
1283
1283
1283
1283
1283
1283
1283
5
1283
1283
1283
1283
1283
1283
1283
1283
1283
1283
1283
1283
1283
1283
1283
1283
1283
1283
1283
1283
1283
1283
1283
1283
1283
1261
1283
1283
1283
1283
1283
1283
1283
1283
1283
1283
1283
1283
1283
1283
1283
1283
1283
1283
1283
1283
1283
1283
1283
1283
1283
1283
1283
1283
1283
1283
1283
1283
1283
1283
234
1283
5
1283
1283
1283
1283
1283
1283
1283
1283
1283
1283
1283
1283
1283
1283
1283
1283
1283
1283
416
1283
1283
1283
1283
1283
1283
1283
1283
1283
1283
1283
1283
1283
1283
1283
1283
1283
1283
594
1283
1
1156
5
1283
1283
1283
1283
1283
1283
835
1283
1283
1283
1283
47
1283
1283
1283
1283
1283
1219
1283
1283
1283
1283
1283
502
1283
1283
926
1283
986
1283
1283
85
1283
1283
1283
1283
1283
1283
1283
1283
1283
1283
1283
1283
332
1283
1283
1283
1283
1283
1283
1283
1283
1283
1283
1283
1283
1283
1283
1
1283
1283
1283
1283
1283
1283
1283
1283
768
1283
1283
1283
416
1283
1283
1283
1283
1283
1283
1283
96
1283
1283
1283
1283
1283
1283
1283
1283
1283
1283
1283
611
1283
1283
1283
1283
1283
1283
1283
1283
1283
1283
1283
1283
1283
1097
1283
1283
282
1283
1283
1283
1283
1283
1283
1166
1283
1283
1283
1283
1283
1283
1283
1283
1283
1283
1283
1283
1283
291
1283
440
1283
1283
1283
1283
1283
1283
140
1283
1283
1283
1283
1283
1283
1283
1283
1283
1283
1283
1283
1283
1283
1283
921
1283
1283
1283
1283
298
1283
1283
1283
1283
1283
1283
1283
1283
1283
1283
567
1283
1283
1283
1283
1283
1283
1283
1283
1283
1283
1283
1283
1283
1283
1283
1283
1283
1283
1283
1283
1283
1283
1283
1283
1283
1283
1283
311
1283
1283
1283
695
1283
1283
1283
1283
1283
1283
1283
1283
1283
218
1283
1283
1283
1283
1283
1283
1283
1283
97
1283
1283
1283
1283
1283
1283
1283
1283
1283
1283
5
1283
1038
1283
1283
144
1
1283
1283
1283
1283
1283
1283
1283
1283
1283
1283
1283
1283
1283
1283
1283
1283
1283
1283
1283
1283
1283
1283
1283
1283
1283
1112
1283
1283
1283
1283
1283
1283
1283
1283
1283
144
1283
1283
1283
1283
1283
1283
1283
1283
1283
1283
1283
1283
1283
1283
1283
1283
1283
1283
317
1283
1283
1283
1283
1283
1283
1283
1283
1283
1283
1283
1283
1283
719
1283
1283
1283
1283
1283
1283
1283
1283
1283
1283
1283
1283
1283
1283
1283
1283
1283
1283
1283
1283
1283
1283
1283
1283
1283
1283
1283
682
1283
1283
1283
1283
524
1283
1
1283
1283
1283
1283
1283
1283
1283
1283
1283
1283
1283
1283
1283
1283
1283
1283
1283
1283
1283
1283
1283
1283
1219
1283
1283
1283
1283
1283
1283
1038
1283
1283
1283
1283
1283
1283
1283
1283
1283
1283
1283
1283
1283
1283
1283
1283
1283
1283
1283
1283
1283
1283
1283
1283
1283
1283
1283
1283
1283
1283
1283
1283
1283
1283
1283
1283
1283
1283
1283
1283
1283
1283
1283
1283
1283
1283
1283
85
1283
32
1283
1283
1283
1283
1283
1283
1283
1283
1283
1283
1283
1283
1283
1283
1283
1283
1283
1283
1283
1283
1283
1283
1283
1283
1283
1283
1283
1283
481
1283
1283
1283
774
1283
1283
1283
1283
1283
1283
1283
1283
1283
1283
1283
1283
1283
1283
1283
1283
996
1283
1283
1283
1283
1283
1283
1283
1283
1283
1283
1283
1283
1283
332
1283
913
1283
1283
961
1283
1283
1283
1283
1283
1283
1283
1283
1283
258
1283
1283
1283
1283
1283
1283
1283
1283
1283
1283
1283
1283
1283
1283
1283
1268
1283
1283
1283
1283
1283
1283
1283
1283
1283
1283
1283
1283
1283
1283
1283
1283
1283
1283
1283
1283
1283
1283
1283
322
1283
1283
1283
1283
392
1283
1283
1283
1283
1283
1283
1283
1283
1283
1283
1283
1283
1283
1283
1283
1283
1283
1283
1283
1283
1283
1283
1283
1283
1283
1283
1283
1283
1283
1283
1283
1283
1283
1283
1283
1283
255
1283
1283
1283
1283
1283
1283
1283
1283
494
1283
1283
1004
299
1283
1283
1283
1283
1283
1134
1283
1283
1283
1283
1283
1283
1283
942
1283
1283
1
1283
1283
1283
1283
1283
1283
1283
1283
1283
1283
1283
1283
1283
1283
1283
1283
1283
1283
1283
1283
1171
358
1283
1283
1283
1283
1283
1283
1283
1283
1283
1283
1283
1283
1283
1283
1283
1283
1283
1283
1283
1283
1283
1283
1283
1283
1283
1283
1283
1283
390
1283
1283
1283
1283
1283
1283
1283
1283
1283
1283
1283
1283
1283
1283
1283
1283
1283
1283
1283
54
1283
1283
1283
1283
1283
5
1283
1283
1283
1283
1283
1283
1283
1283
1283
1283
1283
1283
1283
1283
1283
1283
1283
1161
1283
1283
1283
1283
1283
1283
802
1283
1283
1283
1283
1283
1283
1283
1283
1283
78
1283
549
465
1283
1283
1283
1283
1283
1283
1283
1283
1283
1283
1283
1199
1283
1283
1283
1283
1283
1283
1283
1283
1283
1283
1283
1283
1283
1283
1283
1262
1283
1283
1283
1283
1283
1283
1283
1283
1283
1283
1283
1283
1283
1283
1283
1283
1283
1283
1283
1283
1283
1283
1283
1283
1283
1283
122
1283
1283
1283
1283
276
1283
1283
785
1283
1283
1283
1283
1283
1283
1283
5
1283
1283
1283
1283
1283
1283
1283
1283
1283
1283
1283
1283
1283
1283
1283
1283
1283
1283
1283
1283
1283
1283
1283
1283
1283
1283
1283
1047
1283
1178
1283
1283
1283
878
1283
51
1283
1194
1283
1283
1283
1283
1283
1283
1283
1283
1283
1283
1283
1283
993
1283
1283
1283
1283
1283
1283
1283
1283
1283
1283
1283
1283
1283
1283
1283
1283
1283
1283
1283
616
1283
903
1283
1283
1283
1283
1283
1283
1283
1283
1283
1283
1283
1283
1283
1283
1283
1283
1283
17
1283
1283
1283
1283
1283
1
1283
1283
1283
1283
1283
1283
1283
1283
1283
1283
1283
1283
1283
1283
1283
1283
1283
1283
1283
1283
1283
1283
1283
1283
1283
1283
1283
1283
1283
1283
1283
1283
1283
1283
604
1283
1283
1283
1283
1283
1283
1283
1283
1283
1283
1283
1283
1283
1283
1283
1283
1283
1283
1283
732
1283
1283
1283
1283
1283
1283
704
1283
1283
1283
1283
866
1283
1203
1283
339
1283
1283
1283
1283
1283
1283
1283
1283
1283
1283
1283
1283
1283
1283
1283
1
1283
306
1283
1283
1283
1283
1283
1283
1283
1283
663
1
1283
1283
1283
1283
1283
1283
1283
1283
1283
1283
1283
903
1283
1283
1283
1283
1283
1283
1283
1283
1275
1283
1283
1283
1283
1283
1283
1283
1283
1283
1283
1283
1283
1283
1283
1283
1283
1283
1283
1283
1283
1283
1283
1283
1283
1283
1283
1283
1283
1283
1283
322
1283
1283
1283
1283
1283
1283
1283
253
1283
1283
1283
1283
1283
1283
1283
1283
1283
1283
1283
1283
1283
1283
1283
1283
219
1283
1283
1283
1283
1283
1283
1283
1283
1283
1283
1283
1283
1283
1283
1283
1283
1283
1283
1283
1283
598
1283
1283
1283
1283
1283
1283
1283
1283
1283
1283
1283
1283
1283
1283
1283
1283
1283
1283
1283
1098
1283
1283
1283
1283
1283
5
1283
1283
1283
1283
1283
1283
1283
1283
1283
268
1283
1283
1283
1283
1283
1283
1283
1283
1283
1283
1283
85
1283
1283
1283
1283
1283
1283
1283
1283
1283
1283
1283
1283
1283
1283
1283
34
1283
1283
1283
1283
1283
1283
1283
1283
1283
1283
1283
1283
1283
1283
1283
1283
1283
1283
1283
1283
1283
1283
122
1283
1283
1283
1283
1283
1283
1283
1283
1283
1283
1283
1283
1283
1283
1283
1283
1110
1283
1283
1283
1283
1283
1283
1283
1283
1283
1283
1283
1283
1283
315
1283
1283
1283
1283
102
1283
566
1283
1047
1283
1283
1283
1283
1283
1
1283
1283
1283
1283
1283
1283
1283
1283
1283
1283
1283
1283
1283
1283
1283
1283
1283
258
1283
1283
1283
1283
1283
1283
1283
1283
1283
1283
1283
1283
368
1283
1283
1283
1283
1283
1283
1283
1283
1283
837
1283
1283
1283
1262
1283
1283
378
1283
1283
1283
1283
1283
1283
1283
1283
5
1283
1283
1283
1283
322
1283
1283
1283
1283
1283
1283
1283
1283
1283
1283
1283
1283
1283
1283
1283
501
1283
1283
1283
1283
1283
1283
156
1283
1283
1283
1283
2
1283
1283
1283
1283
1283
663
1283
1283
1283
1283
1283
1283
1283
1283
1283
1283
1283
1283
1283
1283
1283
1283
1283
545
1283
1283
1283
1283
1283
1283
1283
1283
1283
1283
447
1283
1283
1283
1283
1283
1283
1283
996
1283
339
970
1
1283
435
1283
1283
1283
1283
1283
1283
1283
1283
1283
1045
1283
429
1283
1283
1283
1283
1283
1283
1283
1283
1283
1283
1283
1283
1283
1283
1283
1283
1283
1283
1283
1283
1283
1283
1283
1283
1283
1283
1283
44
110
1283
1283
1283
1283
1283
1283
1283
1283
1283
1283
1283
1283
1283
5
1
1283
1283
1283
1283
1283
210
1283
1283
1283
1283
1283
1283
1283
1283
1283
1283
1283
1283
1283
1283
1283
1283
1283
1283
1283
1
1283
1283
1283
1283
1283
1283
1283
1283
1283
416
1283
1198
1283
1283
1283
1283
1283
1283
746
1283
1283
1283
1013
1283
1283
1283
1283
1283
1283
1283
133
1283
1283
1283
1283
1283
1283
1283
1283
1283
390
1283
1283
1283
1283
1283
1283
924
1283
1283
1283
1283
1283
1283
1283
1283
1283
1283
1283
1283
596
1283
1283
1283
1283
1283
1283
47
1283
1283
1283
1283
1283
5
1283
1283
1283
1283
1283
1283
1283
1283
1283
1283
1283
1283
1193
1283
1283
1283
1283
1283
1283
1283
427
1283
1283
1283
1283
1283
232
1283
1283
1051
1283
1283
1283
1283
1283
1283
1122
1283
1283
1283
1283
1283
1283
1283
1283
1283
1130
1283
1283
1283
1283
1283
1283
474
253
1283
1283
78
1283
1283
1283
1283
1283
1283
1283
1283
1283
1283
1283
1283
1
1
1283
1283
1283
1283
1283
1283
583
1283
1283
1283
1283
1283
1283
1283
50
1283
1283
1283
1283
1283
96
1283
1283
1283
1283
1283
1283
1283
1283
1283
1283
1283
1283
1283
1283
1283
1283
1283
1283
1283
1283
1283
1283
1283
1283
1283
1283
1283
1283
1283
1283
1283
1283
1283
1283
1283
577
1283
1283
1283
1283
1283
155
1283
1283
1283
1283
1283
1283
1283
1283
1283
1283
1283
1283
1283
1283
1283
365
1283
1283
1283
1283
1283
1283
1283
1283
1283
1283
1283
1283
1283
1283
1089
1283
1283
1283
1283
1283
1057
1283
1283
1283
1283
1283
1283
1283
1283
1283
1283
1283
1283
1283
1283
1283
1283
1283
1283
1283
1283
1283
1283
5
1283
1283
1283
1283
1283
1283
1283
1283
1283
1283
1283
1283
1283
1283
1283
243
1283
1283
1283
1283
1283
1283
1283
1283
1283
1283
1283
1283
1283
1191
1283
1283
1283
1283
1283
1283
1283
1283
1283
1283
27
1283
1283
1283
1283
1283
1283
1283
1283
1283
1283
1283
1283
1283
1283
1283
1043
1283
1283
1283
1283
1283
1283
1283
1283
1225
1283
1283
1283
1283
1283
1
1283
1283
1283
1283
1283
1283
1283
1283
1283
1283
1283
1283
1283
1283
1283
1283
1283
1283
1283
1283
1283
1283
1283
1283
1283
1283
1283
1283
1157
1283
1283
1283
1283
1283
1283
1283
1283
1283
1283
1283
1
1283
1283
1283
1283
1283
1283
1283
1283
1283
1283
1283
1283
1283
1283
1283
1283
1283
1283
1283
1283
1283
1283
1283
1283
1283
1283
1283
1283
1283
1283
1283
1283
1283
1283
1283
189
1283
1283
1283
1283
1283
619
1283
1283
1283
1283
1283
1283
1283
1283
1283
1283
1283
1283
1283
1283
1283
1283
1283
1283
1
339
1283
1283
1283
1283
1283
1283
1283
1283
1283
1283
1283
1283
549
1283
1283
1283
1283
1283
1130
1283
1283
1283
1283
1283
1283
1283
1283
1283
1283
348
1283
1283
1283
1283
1283
1283
1283
1283
1283
1283
1283
858
1221
1283
1283
1283
1283
1283
1283
1283
1
1283
1283
840
1283
1283
1283
1262
1283
1283
1283
1283
1283
1283
1283
1283
1283
1283
1283
1283
1283
1283
1283
1283
1283
1043
1283
1283
1283
833
1283
1283
708
1283
1283
1283
1283
1283
1283
1283
1283
1283
1283
1283
1283
1283
1283
1283
1283
1283
1283
1283
1283
379
459
1283
1247
1283
1283
1283
1283
1283
1283
1283
1283
1283
1283
1283
1283
1283
1283
5
1283
1283
440
984
1283
1283
1283
1283
1283
1283
1283
1283
1283
1283
1283
1283
1283
1283
1283
1283
1283
1283
1283
1283
1283
1283
1283
1283
532
1283
1283
1283
1283
1283
1283
1283
1283
1283
1283
1283
1283
1283
1283
1283
1283
1283
757
1283
1283
1283
1283
1283
1283
1283
593
1283
1283
1283
1283
1283
1283
1283
1283
1283
1283
1283
1283
1283
1199
1283
1283
1283
1283
1283
78
1283
1283
1283
1283
1283
1283
1283
1283
1283
1283
1283
1283
1283
1283
1283
1283
1283
1283
1283
1283
1283
1283
1001
1283
1283
1283
1283
1283
1283
1283
1283
1283
1283
1283
1283
1283
1283
1283
1283
832
1283
1283
1283
1283
1283
1283
489
1283
1283
1283
913
1283
1283
1283
1283
276
1283
1283
1283
1283
1283
1283
1283
1283
1283
1283
1283
1283
1283
1283
1283
1283
1283
1283
1283
1283
267
1283
1283
1283
1283
1283
1283
1283
1283
1283
1283
1283
1283
1283
390
1283
1270
1283
1283
1283
1283
1283
1283
1283
1
1283
1283
1193
1283
1283
1283
1283
1283
1283
1283
835
1283
1283
1283
1283
1283
1283
1283
1283
1283
1283
1283
1283
1283
1283
1283
1283
1283
1283
1283
1283
1283
1283
1283
1283
1283
1283
1283
1283
1283
1283
1283
1283
1
1283
878
1283
1283
1
1283
1283
1283
1283
1283
1283
1283
1283
1283
1283
1283
1283
1283
1283
1283
1283
1283
1283
1283
1283
1283
1283
1283
611
1283
1283
1283
1283
1283
1283
1283
1283
1283
1283
1283
1283
1283
1283
68
1283
1283
1283
1283
1283
1283
1283
1283
1283
1283
1283
1283
1283
1283
1283
1283
1283
5
1283
1283
1283
1283
1283
698
1283
1283
1283
1177
1283
1283
1283
1283
1283
1283
1283
1283
1283
1283
1283
1283
1283
1283
1283
1283
1283
1283
1283
1283
1283
1283
1283
1283
778
1283
1283
1283
532
94
1283
1283
1283
1283
1283
1283
1283
1283
1283
1283
1244
1283
1283
1283
1283
1283
1283
1283
1283
1283
1283
1283
1283
1283
1283
1283
1283
1283
1283
1283
332
1283
1283
1283
1283
1283
1283
1283
1283
1283
1283
1283
1283
340
5
1283
1283
1283
50
1283
1283
1283
1283
1283
1283
1283
1283
1283
1283
1283
1283
666
1283
1283
1283
1283
642
1283
1283
1283
1283
1283
1283
5
1283
1283
1283
843
1283
1283
1283
1
642
5
566
1283
1283
1283
1283
1283
1283
1283
1283
1283
1283
1283
1283
1283
1283
652
1283
1283
1283
1283
1283
1283
1283
1283
1283
1283
1283
1283
1283
1283
1283
1283
368
1283
1283
1283
1283
1283
1283
1283
1283
1283
187
1283
1283
1283
1283
1283
1283
1283
886
1283
1283
1283
1283
1283
1283
1283
1283
1283
1283
1283
1283
1283
1283
1283
1283
1283
1283
967
1283
1283
5
1283
1283
1283
1283
1283
1283
1283
1283
1283
1283
1283
1283
1283
1283
1283
1283
1283
1283
1283
1283
1283
1283
1283
1283
1283
1283
1283
1283
1283
1283
1283
1283
1283
1283
1283
1283
891
1283
1283
1283
1283
1283
1283
92
1283
1283
1283
1283
1283
1283
1283
1283
1283
1283
1283
1283
1283
33
1283
1283
1283
1283
1283
1283
1283
1283
1283
1283
1283
1283
1283
1283
1283
1283
1
1283
1283
1283
1283
1283
1283
1283
1283
1283
1283
1283
1283
1283
1283
267
1283
1283
1283
1283
306
1283
1283
1283
1283
1283
1283
1272
1283
1283
1283
1283
1283
1283
1283
1283
1283
1283
1283
1283
1283
1283
1105
1283
1283
1283
1283
1283
1283
1283
1283
1283
1283
1283
1283
1283
5
1283
1283
1283
666
1283
1283
1283
1283
1110
1283
1283
1283
1283
1283
598
1283
1283
1283
656
1283
1283
1283
1283
1283
1283
1283
1283
1283
1283
1283
1283
1283
1283
1283
1283
1283
1283
1283
1283
1283
1283
1283
1283
1283
1283
1283
1283
1283
1283
1283
1283
1283
1283
1283
1283
1283
1283
1283
1283
1283
1283
1283
1283
1283
1283
1283
1283
1283
1283
1283
1283
1283
1283
1283
1283
1283
1283
1283
1283
1283
465
1283
1283
1283
1283
1283
1283
1283
1283
1283
1283
1283
589
1283
1283
1283
1283
1283
257
1283
1283
1283
1283
1283
1283
1283
1283
1283
991
1283
1283
1283
1283
1283
1283
1283
1283
1283
1283
1283
1283
1283
1283
1283
1283
1283
5
1283
1283
1283
984
1283
414
1283
1283
5
1283
1283
481
1283
1283
1283
1225
1283
1283
1283
1283
1283
1283
1283
1283
1283
1283
1283
1283
1283
1283
1283
1283
1178
1283
1283
1283
1283
1283
1283
1283
1283
1283
1283
1283
1283
1283
1283
1283
1283
1283
312
1283
1283
1283
1283
1283
1283
1283
1283
1283
1283
1283
1283
1283
1283
1283
1283
1283
1283
1283
1283
1283
1283
1283
1283
1283
1283
1283
304
1283
1283
1283
1283
1283
1283
1283
1283
1283
1283
1283
1283
1283
1283
567
1283
1283
1283
1283
1283
1283
1283
1283
1283
1283
1283
1283
1098
1283
1283
1283
1283
764
1283
1283
1283
1283
1283
1283
1283
1283
1283
1283
1283
1283
1283
1283
1283
1283
1283
1283
1283
1283
1283
567
1283
1283
1283
1283
1283
1283
34
1283
1283
1283
1283
1283
1283
1283
1283
1283
1283
1283
1283
1283
936
1283
1283
1283
1283
1283
1283
1283
1283
1283
1283
1283
1283
1283
1283
1283
1283
1283
1283
1283
1283
1283
1283
1283
1283
568
1283
1283
1283
1283
1283
1283
1283
1283
1283
1283
1283
1283
1283
1283
1283
1283
5
1283
1283
1283
1283
1283
1283
1024
1283
1283
1283
1283
1283
1283
1283
1283
1283
284
1283
1283
1283
1283
1283
1283
1283
1283
1087
1283
1283
1283
1283
1283
1283
1283
945
1283
1283
1283
1283
1283
1283
1283
1283
1283
5
1283
1283
1283
1283
1283
1283
1283
1283
5
1283
1283
1283
50
1283
1283
1283
1283
1283
1283
1283
1283
1283
1283
1053
1283
1283
1283
1283
1283
1283
1283
1283
1283
1283
1283
1283
1283
1283
1283
1283
263
760
1283
1283
279
1208
1283
1283
1283
1283
1283
1283
1283
1178
1283
1283
1283
1283
1283
1283
1283
1283
1283
1283
1283
1283
144
1283
1283
1283
1283
1283
1283
1283
1283
1283
1283
1283
1283
1283
1283
1283
1283
1283
1283
1283
1283
1283
1283
1
1283
702
1283
1283
1283
1283
1283
1283
1283
1283
5
1283
192
1283
1283
1283
1283
1283
1283
1283
1283
1283
1283
1283
1283
1283
1283
1283
1283
1283
1283
1283
1283
1283
1283
1283
1283
1283
1283
1283
358
1283
1283
1283
1283
1283
1283
1283
1283
1134
1283
1283
1283
1283
1283
1283
1283
1283
1283
1178
1283
1283
1283
1283
1283
1283
1283
1283
1
1283
1283
1283
1283
1283
1283
1283
662
1283
1283
1283
1283
4
1283
1283
1283
1283
1283
1283
1283
92
1283
1283
1283
704
1283
1283
1283
1283
1283
1283
1283
1055
1283
1283
1283
1283
1283
1283
1024
1283
1283
1283
1283
1283
1283
1283
1283
1283
1283
1283
1283
1283
1283
1283
1283
1283
1283
1283
1283
1283
1283
1283
192
1283
716
1283
1283
1283
1283
5
1283
122
1283
1283
1283
1283
1283
1283
1283
1283
1283
1283
1283
1283
1283
1283
1283
189
1283
698
1283
312
1283
1283
1283
1283
1283
1283
1283
1283
1283
1283
1283
872
1283
1283
1283
5
1283
1283
144
1283
1283
1283
1283
1283
1283
527
1283
1283
1283
450
1283
1283
1283
1283
1283
1283
1089
1283
1283
1283
1283
1283
1283
1283
1283
1283
1283
1283
1283
1283
1283
1283
1283
311
1283
1283
1283
1283
1283
1283
1283
1283
701
1283
1283
1059
1283
1283
1283
1283
1283
1283
1283
1283
1283
1283
1283
1283
1283
1283
1283
1283
1283
1283
1283
1283
358
1283
361
1283
1283
1283
1283
1283
903
1283
1283
1283
1283
1283
1283
1283
1283
1283
1283
1283
1283
1283
1283
1283
1283
1283
1283
1283
1283
1283
1283
1283
1283
1283
1283
1283
1283
649
1283
341
1283
1283
1283
1171
253
1283
1283
1283
1283
1
386
1
1283
1004
1283
212
1283
1283
1283
1144
1283
1283
1283
1283
1
1283
1283
1283
1283
1283
1283
1283
1283
1283
1283
1283
1283
1283
1283
1283
1283
1096
1275
1283
1283
545
1283
1283
1283
1283
1283
1283
1283
1283
1283
1283
1283
1283
1283
1283
1283
1283
1283
1283
1283
1283
1283
1283
1283
1283
1283
1283
1283
1283
1283
1283
212
1283
1283
122
1283
1283
1283
5
1283
1283
1283
1283
1283
1283
1283
1283
1283
1283
1283
1283
1283
1283
1283
1283
1283
1283
1283
358
239
1283
1283
1283
1283
1283
1283
1283
1283
1283
1283
1221
1283
279
1283
1283
1283
1283
1283
1283
1283
1283
1283
1283
1283
1283
1283
1283
1283
1283
1283
194
1283
1283
1283
1283
1283
1283
1283
1283
1283
1283
1283
1283
1283
1283
1283
1283
1283
1283
1024
1283
1283
1283
1283
1283
1283
1283
1283
1283
1283
1283
1283
1283
1283
1283
1283
1283
1283
1283
1283
1283
1283
1283
1283
1283
1283
1283
1283
1283
1283
1283
1283
1283
1283
1283
1283
1272
1283
1283
1283
1283
1283
1283
1283
1283
1093
1283
1283
1283
1283
1283
1283
1283
1283
1283
1283
1283
1283
1283
8
1283
1283
1283
1283
1283
1283
1283
1283
1283
5
1283
695
1283
1283
1057
1283
1283
1283
1283
1283
1283
1283
1283
1283
1283
1283
1283
1283
1283
1283
1283
1283
1283
1283
1283
1283
1283
1283
1283
343
1283
1
1283
1283
1283
1283
1
1283
1283
1283
977
1283
1283
1283
1283
1283
1283
1283
1283
746
1140
1283
1283
1283
1283
1283
1283
453
1283
1283
1283
1283
1283
1283
1283
1283
1283
1283
1283
1283
